image_width: 640
image_height: 480
camera_matrix:
    rows: 3
    cols: 3
    # data: [640., 0., 320.,
    #        0., 640., 240.,
    #        0., 0., 1.]
    data: [
        583.661712, 0.000000, 308.697901,
        0.000000, 582.637864, 238.695831,
        0.000000, 0.000000, 1.000000
    ]
distortion_coefficients:
    rows: 1
    cols: 5
    # data: [0., 0., 0., 0., 0.]
    data: [-0.187550, 0.209622, -0.000699, -0.005644, 0.000000]
